layout_spectrum: 0.1612903
color:
  saturation: 0.7731724
  brandStrength: 0.201167
  lightness: 0.6612903
  rhythmicContrast: 0.1295201
typography_spectrum: 0
name: "Joanne's Food"
